recommended=0.9400000000000002
most_accurate=0.9400000000000002
balanced=0.7200000000000001
default=0.5
